0
1
2
3
4
5
6
7
8
9
10
11
12
13
14
15
16
17
18
19
20
21
22
23
24
25
26
27
28
29
30
31
32
33
34
35
36
37
38
39
40
41
42
43
44
45
46
47
48
49
50
51
52
53
54
55
56
93
97
98
99
100
101
102
103
104
105
106
107
108
109
110
111
112
113
114
115
116
117
118
119
120
121
122
123
124
125
126
127
128
129
130
131
132
133
134
135
136
137
138
139
140
5727
5741
5756
5763
5782
5799
5823
5830
5848
5865
5875
5894
5911
5921
5945
5959
5978
5988
6004
6020
6030
6037
6047
6071
6078
6090
6105
6121
6133
6157
6173
6183
6207
6224
6243
6259
6274
6295
6312
6324
6340
6364
6374
6386
6410
6420
6436
6446
6465
6484
6506
6523
6545
6569
6576
